1.2031239001093823,0,0.94358338664996366
1.3624991200875058,0.0021300472589702367,0.92618977342703479
1.5218743400656294,0.0042310977416586603,0.89187842457511324
1.6812495600437529,0.0063587438000773169,0.81661392683171741
1.8406247800218765,0.0084773625602193592,0.67975061609994269
2,0.010594552758008155,0.51499300761895617
2.1593752199781235,0.012714113761404721,0.3478415843541578
2.3187504399562471,0.014830209741220833,0.2255786438526397
2.4781256599343706,0.016959436336711337,0.12093656683421813
2.6375008799124942,0.019074255728891917,0.034573377668371832
2.7968760998906177,0.021187190634563893,0.039159338103954021
1.2031239001093823,0.025118594231422424,0.92127155089790036
1.3624991200875058,0.02722627081183588,0.89000240856730828
1.5218743400656294,0.029343947328723398,0.84533953704725007
1.6812495600437529,0.031474936830948159,0.76590792089875781
1.8406247800218765,0.033601610251168923,0.63847195464832662
2,0.035718466104576713,0.50424512728555027
2.1593752199781235,0.037957661606344277,0.38004862871595574
2.3187504399562471,0.039949472661404389,0.27021868617454897
2.4781256599343706,0.042064778372684582,0.17008268106316993
2.6375008799124942,0.044171512709843069,0.094363686771527844
2.7968760998906177,0.046279219685199893,0.095618083331835496
1.2031239001093823,0.050210136962959701,0.90115191680418394
1.3624991200875058,0.052330670604554597,0.86219144033319173
1.5218743400656294,0.05443217701139838,0.81334189572807158
1.6812495600437529,0.05654559823616908,0.73322104945758015
1.8406247800218765,0.058657074184543995,0.61888678142303089
2,0.060758610986331139,0.50471334333735984
2.1593752199781235,0.062871059572903953,0.39860305672061414
2.3187504399562471,0.065020681175611647,0.2984986225728905
2.4781256599343706,0.067101701390407248,0.20263614852773568
2.6375008799124942,0.069216520782588276,0.12859390145553537
2.7968760998906177,0.071335139542730325,0.11040117925785851
1.2031239001093823,0.075276512681119984,0.87907614121936051
1.3624991200875058,0.077385648218830497,0.83563554343328572
1.5218743400656294,0.079525239490119887,0.7862777688207081
1.6812495600437529,0.081616776355432963,0.70815729937722516
1.8406247800218765,0.083723997011690629,0.60491452092517739
2,0.085827904619085987,0.49935165233155188
2.1593752199781235,0.087933210393891223,0.41242541752234635
2.3187504399562471,0.090066570701724205,0.32055080234301458
2.4781256599343706,0.092166709336101466,0.24139324936052778
2.6375008799124942,0.094273474068204216,0.14511082640776801
2.7968760998906177,0.096389722022738489,0.12180059223259783
1.2031239001093823,0.10032158154375237,0.85801153457103241
1.3624991200875058,0.10242977483820837,0.81336259014097978
1.5218743400656294,0.10454030854332876,0.76480335380918241
1.6812495600437529,0.10665227081080239,0.69340031911236633
1.8406247800218765,0.10877374669565137,0.59535083212988982
2,0.11088476671987094,0.50236206165405062
2.1593752199781235,0.11299533081993469,0.42297682000401982
2.3187504399562471,0.11509638130262312,0.33728472443447555
2.4781256599343706,0.11721120069480415,0.24525819348139702
2.6375008799124942,0.11932364928137695,0.18578312014194043
2.7968760998906177,0.12142944137528092,0.13967954957720818
1.2031239001093823,0.12535990272888536,0.84347856181214365
1.3624991200875058,0.12746900787165208,0.79682689203272261
1.5218743400656294,0.12958145645822489,0.7493920181523146
1.6812495600437529,0.13168630630887476,0.67591957516645318
1.8406247800218765,0.13380018345780081,0.58660316357695308
2,0.13590457738429534,0.50068911896667601
2.1593752199781235,0.13800070388610583,0.42360329531372021
2.3187504399562471,0.1401181068485004,0.35152240450306937
2.4781256599343706,0.14224338210131127,0.25814138203617676
2.6375008799124942,0.14437938676924497,0.18956426825330577
2.7968760998906177,0.14648447977944445,0.16863460945786973
1.2031239001093823,0.15041065544598825,0.82700667378995751
1.3624991200875058,0.15252833196287577,0.78158944979183009
1.5218743400656294,0.15466451900047187,0.73554821535003256
1.6812495600437529,0.15677982471175164,0.66536922025492262
1.8406247800218765,0.15888941617361751,0.58033807332736176
2,0.16100709269050545,0.49929875317788208
2.1593752199781235,0.16311005805464629,0.43560377449274179
2.3187504399562471,0.16521773463505932,0.35749330853570904
2.4781256599343706,0.16734158132551652,0.27626868065972643
2.6375008799124942,0.16945402991208933,0.19997708845823906
2.7968760998906177,0.17156553625540805,0.17067906394878318
1.2031239001093823,0.17549408272755965,0.81287510043898448
1.3624991200875058,0.17761081700119263,0.766114918501274
1.5218743400656294,0.17972469415011913,0.72276632562645982
1.6812495600437529,0.18184899676473168,0.65906470822523988
1.8406247800218765,0.18395621742098933,0.57578143825920192
2,0.18607769330583876,0.49915517932612891
2.1593752199781235,0.18817828786437182,0.43538711933244234
2.3187504399562471,0.19029025013184547,0.36654664182760316
2.4781256599343706,0.19239747078810357,0.28373178428291035
2.6375008799124942,0.19451514730499109,0.21015365178777551
2.7968760998906177,0.19662522508595612,0.18405997958739001
1.2031239001093823,0.20055805724516834,0.79948367169605716
1.3624991200875058,0.20267293742723611,0.75494821673090784
1.5218743400656294,0.20478964130592572,0.71340093284565542
1.6812495600437529,0.20689971908689075,0.64759137859771787
1.8406247800218765,0.20902830738856396,0.57151672006147392
2,0.21112887155215321,0.49840076682184031
2.1593752199781235,0.21328107672507488,0.44064570940632769
2.3187504399562471,0.21536857106287693,0.37789127064506861
2.4781256599343706,0.21747293459442765,0.29267851403724598
2.6375008799124942,0.21959298191692339,0.21884075487585281
2.7968760998906177,0.22170448826024167,0.20175430746023548
1.2031239001093823,0.22563686449529852,0.7892911674962626
1.3624991200875058,0.22774314290830167,0.74703857864709988
1.5218743400656294,0.22988647275766533,0.70484534688661382
1.6812495600437529,0.23200509151780738,0.64278973872048861
1.8406247800218765,0.23411565561787157,0.56648390800520831
2,0.23622096139267681,0.49747140611944374
2.1593752199781235,0.23835748277465349,0.44621148686817846
2.3187504399562471,0.24044877648041699,0.37838916967227249
2.4781256599343706,0.24256310955349841,0.30171646715698097
2.6375008799124942,0.24467604445917038,0.24368244575439257
2.7968760998906177,0.24678135023397563,0.20805523261395586
1.2031239001093823,0.25074272324531433,0.77791436377514245
1.3624991200875058,0.25287608355314684,0.73678283767930353
1.5218743400656294,0.25499613087564255,0.69799301837628436
1.6812495600437529,0.257117606760492,0.63956902073505673
1.8406247800218765,0.25923242615267256,0.56466294508370973
2,0.26134630330159908,0.49844942733766662
2.1593752199781235,0.263609753968432,0.44494354085229898
2.3187504399562471,0.26560490846729867,0.38771360237024377
2.4781256599343706,0.26770787383143951,0.30866371723316144
2.6375008799124942,0.26982032241801235,0.24655236894819688
2.7968760998906177,0.27194131198376259,0.22100569173414875
1.2031239001093823,0.27586937213681501,0.7679195151294238
1.3624991200875058,0.27799796043848818,0.72565800746230902
1.5218743400656294,0.28013147272103933,0.68896047388039361
1.6812495600437529,0.28222340472062057,0.631969497610396
1.8406247800218765,0.28435299605543546,0.56136471517467901
2,0.28646264830718848,0.49750639260710305
2.1593752199781235,0.28857461057466216,0.44564853064042997
2.3187504399562471,0.29077444462434859,0.38559193011507287
2.4781256599343706,0.29279333757423853,0.3206053342883799
2.6375008799124942,0.29490341535520315,0.25544524293762133
2.7968760998906177,0.29702489124005255,0.22696773915066193
1.2031239001093823,0.30095960788577336,0.76169081939727312
1.3624991200875058,0.30308774026329122,0.7196020461359659
1.5218743400656294,0.30520280281502138,0.68438677753104538
1.6812495600437529,0.30732692305997195,0.62481882978726921
1.8406247800218765,0.30943654491678163,0.55818040707441696
2,0.3115499357466085,0.49808000589883672
2.1593752199781235,0.31365715640286662,0.44969945162858782
2.3187504399562471,0.31576911867034024,0.39488427265138504
2.4781256599343706,0.31789153679844379,0.3224876271431632
2.6375008799124942,0.31999307360023138,0.26563736220630185
2.7968760998906177,0.32217154000450271,0.22958015968696621
1.2031239001093823,0.32610768521257721,0.75199537078542777
1.3624991200875058,0.32821110650087343,0.71295894275649796
1.5218743400656294,0.33032641221215314,0.67938598001896988
1.6812495600437529,0.33245974212504231,0.62227370334597232
1.8406247800218765,0.33456364973243768,0.55468890424817474
2,0.33667801320046337,0.4956502510785803
2.1593752199781235,0.33878134330392856,0.45605353072434357
2.3187504399562471,0.34090011403878923,0.39360099836337353
2.4781256599343706,0.34313933993550016,0.33085603543878905
2.6375008799124942,0.34514434239612268,0.27498695430450626
2.7968760998906177,0.34722752065192031,0.24343954428897335
1.2031239001093823,0.35116652298470175,0.7443012355540124
1.3624991200875058,0.35326900202974387,0.70591735681796575
1.5218743400656294,0.35538999159549411,0.67142150104451792
1.6812495600437529,0.35749864081410548,0.6182641152523074
1.8406247800218765,0.35961352099617366,0.55375579277377573
2,0.36171979940917681,0.49579886444223187
2.1593752199781235,0.3638516703647689,0.45027307367665559
2.3187504399562471,0.36594664185871867,0.39558188238479935
2.4781256599343706,0.36805860412619273,0.32671296818913731
2.6375008799124942,0.37033017024299159,0.27930121200637537
2.7968760998906177,0.37229350123581284,0.24671369459793235
1.2031239001093823,0.37622344587537432,0.73640367203645041
1.3624991200875058,0.3783325814130844,0.6990321244086265
1.5218743400656294,0.38044502999965724,0.66565523285081163
1.6812495600437529,0.38255179473175993,0.61406465453754389
1.8406247800218765,0.38466375699923361,0.55065280756386059
2,0.38677526334255186,0.49747021514245232
2.1593752199781235,0.38888199767971082,0.45291870193399847
2.3187504399562471,0.39099538850953813,0.40212140269103525
2.4781256599343706,0.3931287488173707,0.33605004344934569
2.6375008799124942,0.39524168372304264,0.28267206551038626
2.7968760998906177,0.39736410185114618,0.25525957727442228
1.2031239001093823,0.40130547498953584,0.73167626193745416
1.3624991200875058,0.40342029438171639,0.6922005084812457
1.5218743400656294,0.40553693747051889,0.66220124685168535
1.6812495600437529,0.40766282062220327,0.60814166791343871
1.8406247800218765,0.40977572513293142,0.54795552552324711
2,0.41188723147624973,0.49741341666934713
2.1593752199781235,0.41401013592345237,0.45985974385598516
2.3187504399562471,0.41618383032156392,0.40655805657782934
2.4781256599343706,0.41829439442162814,0.34311783826964648
2.6375008799124942,0.42040255732114035,0.2803794713480926
2.7968760998906177,0.42269120539629407,0.25768042692474707
1.2031239001093823,0.42649105967685469,0.72433132084952168
1.3624991200875058,0.42859448096515135,0.68843995938850899
1.5218743400656294,0.43071072891968559,0.65709468911814461
1.6812495600437529,0.43284308619437645,0.60721018710611518
1.8406247800218765,0.43494565642424954,0.54464899883931595
2,0.43705667644846863,0.49744298045896246
2.1593752199781235,0.43917100952155047,0.45989043414338027
2.3187504399562471,0.4412948562120077,0.40509850312761497
2.4781256599343706,0.44340730479858048,0.34406269243930898
2.6375008799124942,0.44550884160036808,0.28763500254026009
2.7968760998906177,0.44764502863796374,0.27099412556336366
1.2031239001093823,0.45157691855392146,0.71895859775324333
1.3624991200875058,0.45368413921017953,0.68350299944136195
1.5218743400656294,0.4557961014776532,0.65561392751790792
1.6812495600437529,0.45791234943218745,0.60386844205874612
1.8406247800218765,0.46002099865079882,0.54294940586480922
2,0.46214627390360968,0.4956925375139139
2.1593752199781235,0.4642810323788521,0.4625017950937107
2.3187504399562471,0.46639633809013187,0.40708473441036863
2.4781256599343706,0.46851258604466611,0.342737519829517
2.6375008799124942,0.47063214704806267,0.30202595258342324
2.7968760998906177,0.47274128258577319,0.27178858583926618
1.2031239001093823,0.47669505686118896,0.7119575510587155
1.3624991200875058,0.47880559056630889,0.6783027995017652
1.5218743400656294,0.48092943725676612,0.64899604379171238
1.6812495600437529,0.48303097405855372,0.59953176709473266
1.8406247800218765,0.48513725247155726,0.53947395480901128
2,0.48725112962048334,0.4957664385806636
2.1593752199781235,0.48936357820705612,0.46019554334217522
2.3187504399562471,0.49147079886331424,0.41357051661013455
2.4781256599343706,0.49358656049874933,0.34528867663776086
2.6375008799124942,0.49569900908532216,0.30141443483659075
2.7968760998906177,0.49780720237977816,0.27946594558478782
1.2031239001093823,0.50174191902549892,0.70504858275960935
1.3624991200875058,0.5038576806609345,0.66934385248932515
1.5218743400656294,0.50597155780986058,0.6470134199708576
1.6812495600437529,0.5080802070284719,0.59803872105232792
1.8406247800218765,0.51019976803186851,0.54216517651606266
2,0.51231033213193267,0.4950702793546069
2.1593752199781235,0.51441992359379851,0.45968367766420909
2.3187504399562471,0.51655753919374792,0.41188841039093332
2.4781256599343706,0.51869564111279642,0.35234768204425509
2.6375008799124942,0.52077532395006976,0.30003761873108115
2.7968760998906177,0.5228982283972724,0.28697610560659104
1.2031239001093823,0.52682112140989734,0.70040062906272438
1.3624991200875058,0.52892739982290093,0.66967625711054757
1.5218743400656294,0.5311101215192886,0.64419466814214599
1.6812495600437529,0.53321260056433073,0.5965873137642651
1.8406247800218765,0.53532504915090351,0.53834813840000995
2,0.53743424547850127,0.49395210880574369
2.1593752199781235,0.53954620774597484,0.46235791980515284
2.3187504399562471,0.54166388426286283,0.4152679792364582
2.4781256599343706,0.54376213841073151,0.35866507184697277
2.6375008799124942,0.54588598510118869,0.30891439465847126
2.7968760998906177,0.5479946343198,0.28955614162477
1.2031239001093823,0.55192506527846064,0.69500576775215217
1.3624991200875058,0.55403800018413263,0.6639236453910986
1.5218743400656294,0.55616515992345217,0.63710732319067698
1.6812495600437529,0.5582767270566581,0.5927889053012485
1.8406247800218765,0.5603868048376226,0.53858719508547848
2,0.56255338681891043,0.49373401341990508
2.1593752199781235,0.56466252235662096,0.46485489036394506
2.3187504399562471,0.56676974301287864,0.41391886402706918
2.4781256599343706,0.56888741952976662,0.35419555391587393
2.6375008799124942,0.57099889547814109,0.31608766068370753
2.7968760998906177,0.57310566021024378,0.29544321873874707
1.2031239001093823,0.57704797559188759,0.68989279036294859
1.3624991200875058,0.57916474026046438,0.66055594009031515
1.5218743400656294,0.58126864786786014,0.63501502597244686
1.6812495600437529,0.58338301133588533,0.58839672205203275
1.8406247800218765,0.58549591584661353,0.53683543218509699
2,0.58765009669087498,0.49467379374827647
2.1593752199781235,0.58972698319332861,0.46030706260531085
2.3187504399562471,0.59183754729339244,0.41305995218539632
2.4781256599343706,0.59397564921244106,0.3588169861742202
2.6375008799124942,0.59626596900949769,0.31716350143823391
2.7968760998906177,0.59823446714274675,0.29835174522864272
1.2031239001093823,0.60220659996415216,0.68469294283088433
1.3624991200875058,0.6043342460225708,0.65465841765739097
1.5218743400656294,0.60644763685239811,0.63106939879061463
1.6812495600437529,0.60855011589744001,0.58912684590937547
1.8406247800218765,0.61067824827495776,0.53527534782756236
2,0.612794496229492,0.49022131619043025
2.1593752199781235,0.61490882930257373,0.46239271683701277
2.3187504399562471,0.61703030518742297,0.41350289469703361
2.4781256599343706,0.61914655314195721,0.36634159625594842
2.6375008799124942,0.62124951850609811,0.31644998593127061
2.7968760998906177,0.62337102478589113,0.30154735851527242
1.2031239001093823,0.62730288430690517,0.67814061270657255
1.3624991200875058,0.62940253662218371,0.65094760478331604
1.5218743400656294,0.6315320671671113,0.62936662989569436
1.6812495600437529,0.63366992592661031,0.58507380096727668
1.8406247800218765,0.63576413754696803,0.53233904638673557
2,0.6378867988346214,0.49077547110419772
2.1593752199781235,0.63998292533643175,0.46491676003111621
2.3187504399562471,0.64210582978363451,0.41981523153306533
2.4781256599343706,0.64424295906448492,0.36224915283094561
2.6375008799124942,0.64634875115838919,0.31765849607301061
2.7968760998906177,0.648469284799984,0.30543648601392048
1.2031239001093823,0.65240731449456746,0.67519020963196785
1.3624991200875058,0.65452262020584728,0.64827222335253154
1.5218743400656294,0.65668825994388058,0.62358298629410824
1.6812495600437529,0.65880262341190599,0.58352780259800074
1.8406247800218765,0.66091364343612524,0.53161174965999147
2,0.66303274851536664,0.49212812858243726
2.1593752199781235,0.66515325176201767,0.4614607359425873
2.3187504399562471,0.66725621712615868,0.41400905447548852
2.4781256599343706,0.66936486634476999,0.36578362130515318
2.6375008799124942,0.67147968573695083,0.32552748066090181
2.7968760998906177,0.6736023166296603,0.31117713852092443
1.2031239001093823,0.67753116705124872,0.67005648024498843
1.3624991200875058,0.67963838770750662,0.64316323893972438
1.5218743400656294,0.68175275117553202,0.62297262874268822
1.6812495600437529,0.68385711470708277,0.5821487345963996
1.8406247800218765,0.6859667365638924,0.52970717796168931
2,0.68807869883136608,0.49124608492537741
2.1593752199781235,0.6901940045426459,0.46194100653140907
2.3187504399562471,0.69231642267074955,0.41952224328992549
2.4781256599343706,0.69442251871409089,0.36668944368972478
2.6375008799124942,0.69656511908480578,0.32648618325933265
2.7968760998906177,0.69866996893545563,0.31565498372950856
1.2031239001093823,0.70260374333792219,0.66702580810501577
1.3624991200875058,0.70472424658457333,0.63922843776639926
1.5218743400656294,0.70682864051106775,0.61968668508167024
1.6812495600437529,0.70893537484822666,0.57946584485915487
1.8406247800218765,0.71105685073307578,0.52730875587611581
2,0.71316881300054957,0.48845157022123403
2.1593752199781235,0.71528126158712235,0.4645103116894681
2.3187504399562471,0.71739039712483277,0.4206278325431958
2.4781256599343706,0.71965293594335522,0.36870362497898634
2.6375008799124942,0.72164900229053253,0.33046957245111053
2.7968760998906177,0.7237534570069144,0.31733294089073971
1.2031239001093823,0.72767580291055289,0.66062752498252142
1.3624991200875058,0.72979159494093182,0.63565901569208427
1.5218743400656294,0.73191158147354007,0.61572252353005696
1.6812495600437529,0.73402129451518072,0.57670592835091039
1.8406247800218765,0.73613705615061586,0.52462855913624384
2,0.7382771945308918,0.48772564419576597
2.1593752199781235,0.74037149733608076,0.46749665964233522
2.3187504399562471,0.74248014655469208,0.41991708699648056
2.4781256599343706,0.74459213921710943,0.37106262355153996
2.6375008799124942,0.74669793131101381,0.33000221184874567
2.7968760998906177,0.74880965041893799,0.32171734694879967
1.2031239001093823,0.75276843986006281,0.65832131596145915
1.3624991200875058,0.75491079707122832,0.63069423312099404
1.5218743400656294,0.75702373197690009,0.61196653052051064
1.6812495600437529,0.75919505556940381,0.57328692416875437
1.8406247800218765,0.76129990542005366,0.52409779378027066
2,0.76340238446509556,0.4894065374522224
2.1593752199781235,0.76552574483645375,0.46599883676534226
2.3187504399562471,0.76763156732530169,0.42473137084061974
2.4781256599343706,0.76974161471132296,0.37276021398470832
2.6375008799124942,0.77186214835291778,0.33287915333035301
2.7968760998906177,0.77399912565904982,0.32432263460119815
1.2031239001093823,0.7780670329480277,0.65146031569795193
1.3624991200875058,0.7800360781902631,0.62803535570394153
1.5218743400656294,0.78214329884652101,0.61044798234427833
1.6812495600437529,0.78425763191960263,0.57083850685957449
1.8406247800218765,0.78636582521405862,0.52331637118500685
2,0.78848775702306328,0.48777830684471657
2.1593752199781235,0.79059354911696755,0.46428464233824224
2.3187504399562471,0.79269557223785414,0.42031486494416337
2.4781256599343706,0.79481182019238839,0.37623770176756266
2.6375008799124942,0.79692663958456922,0.33781537555686814
2.7968760998906177,0.79901942264257342,0.3274481098051395
1.2031239001093823,0.80296435198937488,0.64918703472673012
1.3624991200875058,0.80510005270787188,0.62309601939753256
1.5218743400656294,0.80720499374335286,0.60879461488417141
1.6812495600437529,0.80931595297768477,0.57020898380370522
1.8406247800218765,0.8114246933811271,0.52130418074647134
2,0.81353999909240693,0.48856042389840587
2.1593752199781235,0.81570469658718581,0.46536194102714745
2.3187504399562471,0.81782094454172005,0.42219705387633644
2.4781256599343706,0.81993527761480167,0.37634111275969884
2.6375008799124942,0.82204252866600325,0.33780124837680658
2.7968760998906177,0.82418251507156071,0.32458756087422636
1.2031239001093823,0.82812531677230372,0.64426421299341241
1.3624991200875058,0.83023876839201838,0.62005077213033621
1.5218743400656294,0.83235310146510011,0.60483987493362101
1.6812495600437529,0.83445558051014201,0.56850478690639972
1.8406247800218765,0.83657231478377536,0.52195273693061339
2,0.83869518883603444,0.48845989576930493
2.1593752199781235,0.84080526661699928,0.46626105116564753
2.3187504399562471,0.84291963008502468,0.42406984439057227
2.4781256599343706,0.84503110603339937,0.3824440355862937
2.6375008799124942,0.8471525819182486,0.340095844067685
2.7968760998906177,0.84926314601831254,0.32983783100305863
1.2031239001093823,0.8532187439903498,0.64058323951948304
1.3624991200875058,0.85532739320896112,0.61907709552496371
1.5218743400656294,0.85744555604494788,0.60006984098769989
1.6812495600437529,0.85957539053931231,0.56429381006747326
1.8406247800218765,0.86167811274390382,0.51907525956047618
2,0.86379816006639953,0.4873818072975466
2.1593752199781235,0.86590726520916628,0.46391505130943211
2.3187504399562471,0.86803539758668402,0.42143838387161214
2.4781256599343706,0.87014167599968739,0.37716292788003486
2.6375008799124942,0.87225078114245402,0.34373439629386049
2.7968760998906177,0.87436702909698827,0.33265303819400882
1.2031239001093823,0.87831363016569297,0.63568029527164804
1.3624991200875058,0.88041753777308829,0.61388402199092185
1.5218743400656294,0.88253187084616991,0.59887383933769334
1.6812495600437529,0.88465289080686382,0.56185765218979267
1.8406247800218765,0.88677482261586849,0.52130409038254832
2,0.88888727120244138,0.47993357605553877
2.1593752199781235,0.89099403593454374,0.46667986352369112
2.3187504399562471,0.89308593753918097,0.42438996833304354
2.4781256599343706,0.89539470706705848,0.37991346038148688
2.6375008799124942,0.89750426813398054,0.34629189263522342
2.7968760998906177,0.89961775014863876,0.33582958934982432
1.2031239001093823,0.90354866742639839,0.63391026478307344
1.3624991200875058,0.9056692010679932,0.61034031821564594
1.5218743400656294,0.90777927884895815,0.596805336919356
1.6812495600437529,0.90988838399172478,0.55964499704556858
1.8406247800218765,0.91199587820247585,0.5184865620433694
2,0.91411571276036585,0.48780670693485056
2.1593752199781235,0.91627381455236345,0.46476547394626416
2.3187504399562471,0.91838054888952225,0.42416106869695847
2.4781256599343706,0.92049634091990118,0.38329958051554047
2.6375008799124942,0.92261021806882748,0.34461199416816268
2.7968760998906177,0.92472266665540026,0.33896139112994783
1.2031239001093823,0.92865832554437577,0.62992273042047753
1.3624991200875058,0.93077314493655638,0.60876586922780929
1.5218743400656294,0.9328870220854828,0.59412820809898581
1.6812495600437529,0.9349947290608398,0.55828415054872815
1.8406247800218765,0.93711477638333551,0.51456107771199477
2,0.93923005169967166,0.48114115396704393
2.1593752199781235,0.94133730275087313,0.46635870444020222
2.3187504399562471,0.94346352024693825,0.42659522191851085
2.4781256599343706,0.94559590791657289,0.37745364422963984
2.6375008799124942,0.94770027144812363,0.35365172256713862
2.7968760998906177,0.94981369267289462,0.34058649501931726
1.2031239001093823,0.95376834840167735,0.62286537454879809
1.3624991200875058,0.95589362365448804,0.60513298919418368
1.5218743400656294,0.95800470446859465,0.59153352078401
1.6812495600437529,0.96010520784229669,0.55784826966484768
1.8406247800218765,0.96222762597040046,0.51298635136399751
2,0.96433913231371871,0.48472821840684432
2.1593752199781235,0.9664515809002916,0.46752652142460593
2.3187504399562471,0.96856357356270895,0.42948410260534453
2.4781256599343706,0.97068599169081271,0.38243314977144799
2.6375008799124942,0.97279986883973901,0.35267013984688811
2.7968760998906177,0.9749118311072128,0.34495012659212387
1.2031239001093823,0.9788479763152873,0.62151272172952998
1.3624991200875058,0.98095425472829056,0.60201181694083683
1.5218743400656294,0.98308712871702431,0.58939871487111906
1.6812495600437529,0.98521477477544295,0.55524895703017307
1.8406247800218765,0.98732625072381763,0.51440867419451075
2,0.989432529136821,0.48403170436081155
2.1593752199781235,0.99155686214637728,0.46507038879157719
2.3187504399562471,0.99366265424028155,0.4286271667623609
2.4781256599343706,0.99577558914595343,0.38314988177514953
2.6375008799124942,0.9978880377325261,0.36037548877771863
2.7968760998906177,1,0.33940078811476904
